dim 116 100 100
putellipsoid 50 50 50 23 30 20 0.6824 0 0 0.34
putsphere 50 59 53 23 0.6824 0 0 0.34
putellipsoid 50 75 60 14 6 20 0.6824 0 0 0.34
putellipsoid 73 54 50 2 8 5 0.6824 0 0 0.34
putellipsoid 27 54 50 2 8 5 0.6824 0 0 0.34
putellipsoid 50 28 43 14 6 10 0.6824 0 0 0.34
putellipsoid 50 26 56 12 40 12 0.6824 0 0 0.34
cutbox 0 115 0 12 0 99 0.6824 0 0 0.34
putellipsoid 50 19 48 2 3 5 0.6824 0 0 0.34
putellipsoid 50 45 33 2 3 5 0.6824 0 0 0.34
putbox 49 52 42 45 29 32 0.6824 0 0 0.34
putbox 48 53 42 43 30 32 0.6824 0 0 0.34
putellipsoid 57 55 35 10 16 5 0.0 0.0 0.0 1.0
putellipsoid 43 55 35 10 16 5 0.0 0.0 0.0 1.0
putbox 40 41 58 61 30 31 0.0 0.0 0.0 1.0
putellipsoid 57 55 35 7 3 5 1.0 1.0 1.0 1.0
putellipsoid 43 55 35 7 3 5 1.0 1.0 1.0 1.0  
putbox 20 109 59 63 47 50 0.0 0.0 0.0 1.0
putbox 109 110 59 63 47 50 0.0 0.0 0.0 1.0
putbox 110 111 59 63 47 50 0.0 0.0 0.0 1.0
putbox 111 112 60 63 48 49 0.0 0.0 0.0 1.0
putbox 112 113 60 63 48 49 0.0 0.0 0.0 1.0 
putbox 20 110 57 58 48 49 0.7529 0.7529 0.7529 0.75 
putbox 20 110 58 59 47 50 0.7529 0.7529 0.7529 0.75
putbox 109 111 57 58 48 49 0.7529 0.7529 0.7529 0.75
putbox 110 112 58 59 48 49 0.7529 0.7529 0.7529 0.75
putbox 111 113 59 60 48 49 0.7529 0.7529 0.7529 0.75
putbox 112 114 60 61 48 49 0.7529 0.7529 0.7529 0.75
putbox 113 114 61 62 48 49 0.7529 0.7529 0.7529 0.75
putbox 113 114 62 63 48 49 0.7529 0.7529 0.7529 0.75
putbox 114 115 61 62 48 49 0.7529 0.7529 0.7529 0.75
putellipsoid 19 59 48 1 7 4 0.8549 0.6471 0.1255 0.49
putbox 0 1 58 63 47 50 0.8549 0.6471 0.1255 0.49 
putbox 1 19 58 63 47 50 0.5804 0.0 0.8275 0.41
putbox 49 51 64 66 91 95 0.7216 0.451 0.2 0.46
putbox 49 51 64 66 95 98 0.5765 0.3608 0.1608 0.37
putbox 113 114 30 60 48 49 1.0 0.0 0.0 0.6 
putvoxel 114 25 48 1.0 0.0 0.0 0.6 
putbox 110 111 20 57 48 49 1.0 0.0 0.0 0.6 
putbox 106 107 20 57 48 49 1.0 0.0 0.0 0.6 
putbox 100 104 50 57 48 49 1.0 0.0 0.0 0.6 
putbox 94 100 55 57 48 49 1.0 0.0 0.0 0.6 
putvoxel 103 46 48 1.0 0.0 0.0 0.6 
putbox 93 94 34 57 48 49 1.0 0.0 0.0 0.6 
putbox 93 111 56 57 48 49 1.0 0.0 0.0 0.6 
putbox 70 82 56 57 48 49 1.0 0.0 0.0 0.6 
putvoxel 53 58 82 1.0 0.0 0.0 0.6 
putvoxel 46 62 82 1.0 0.0 0.0 0.6
putvoxel 48 64 79 1.0 0.0 0.0 0.6
putvoxel 54 61 80 1.0 0.0 0.0 0.6
putvoxel 52 67 82 1.0 0.0 0.0 0.6
putvoxel 47 59 85 1.0 0.0 0.0 0.6
putvoxel 48 68 83 1.0 0.0 0.0 0.6
putvoxel 53 67 81 1.0 0.0 0.0 0.6
putvoxel 52 62 81 1.0 0.0 0.0 0.6
putvoxel 48 60 78 1.0 0.0 0.0 0.6
putbox 49 51 64 66 30 89 0.8275 0.8275 0.8275 0.20 
putellipsoid 50 12 57 30 1 30 0.0 0.0 0.0 1.0
putellipsoid 50 12 57 20 1 20 1.0 0.0 0.0 1.0
putbox 76 80 70 71 35 36 0.8549 0.6471 0.1255 0.49
putbox 75 76 67 70 35 36 0.8549 0.6471 0.1255 0.49
putbox 76 80 66 67 35 36 0.8549 0.6471 0.1255 0.49
putbox 79 80 64 67 35 36 0.8549 0.6471 0.1255 0.49
putvoxel 79 62 35 0.8549 0.6471 0.1255 0.49
putbox 0 1 38 58 48 49 0.0706 0.0392 0.5608 0.3 
putbox 4 5 58 63 47 50 1.0 1.0 1.0 1.0 
putbox 7 8 58 63 47 50 1.0 1.0 1.0 1.0  
putbox 10 11 58 63 47 50 1.0 1.0 1.0 1.0 
putbox 13 14 58 63 47 50 1.0 1.0 1.0 1.0 
putbox 16 17 58 63 47 50 1.0 1.0 1.0 1.0 
putbox 50 51 20 90 70 71 0.4 0.4 0.4 0.4
putbox 49 52 16 20 70 71 0.0 0.6588 0.4196 0.33
putvoxel 50 93 70 0.7529 0.7529 0.7529 0.75
putbox 49 52 92 93 70 71 0.7529 0.7529 0.7529 0.75 
putbox 48 53 91 92 70 71 0.7529 0.7529 0.7529 0.75
putbox 47 54 90 91 70 71 0.7529 0.7529 0.7529 0.75
